[[2.88739, 0.72647, 3.98849, 0.06818],
[3.16759, 0.70479, 4.0, 0.07026],
[3.45517, 0.69218, 4.0, 0.07196],
[3.75325, 0.68581, 3.77521, 0.07897],
[4.07281, 0.68361, 3.15803, 0.10119],
[4.5, 0.68376, 2.74886, 0.15541],
[4.55, 0.68378, 2.42015, 0.02066],
[5.11738, 0.6908, 2.15197, 0.26368],
[5.44798, 0.71123, 1.90448, 0.17392],
[5.71127, 0.74223, 1.68885, 0.15697],
[5.94137, 0.78496, 1.46599, 0.15965],
[6.14913, 0.84078, 1.46599, 0.14674],
[6.33676, 0.91067, 1.46599, 0.13658],
[6.50352, 0.99484, 1.42842, 0.13077],
[6.64763, 1.09336, 1.3, 0.13428],
[6.76715, 1.2064, 1.3, 0.12655],
[6.8579, 1.33509, 1.3, 0.12113],
[6.92194, 1.47647, 1.3, 0.11939],
[6.96027, 1.62797, 1.3, 0.12022],
[6.9669, 1.78881, 1.3, 0.12382],
[6.92977, 1.95515, 1.36135, 0.1252],
[6.8538, 2.1191, 1.36135, 0.13273],
[6.72693, 2.26842, 1.68002, 0.11662],
[6.56583, 2.39791, 1.94962, 0.10602],
[6.38076, 2.50633, 2.29824, 0.09333],
[6.18037, 2.59603, 2.85205, 0.07698],
[5.97126, 2.67207, 4.0, 0.05563],
[5.75829, 2.7411, 3.96838, 0.05642],
[5.55841, 2.81013, 3.96838, 0.05329],
[5.36005, 2.88361, 3.96838, 0.0533],
[5.16333, 2.96219, 3.96838, 0.05338],
[4.96845, 3.04683, 3.96838, 0.05354],
[4.77552, 3.13833, 3.96838, 0.05381],
[4.58462, 3.23745, 4.0, 0.05377],
[4.39562, 3.3442, 3.44798, 0.06295],
[4.20825, 3.45789, 2.97719, 0.07362],
[4.02217, 3.5774, 2.70527, 0.08175],
[3.83713, 3.70184, 2.55623, 0.08723],
[3.68186, 3.8097, 2.49771, 0.07569],
[3.52529, 3.9118, 2.49129, 0.07503],
[3.36674, 4.00606, 2.49129, 0.07404],
[3.20532, 4.09041, 2.40806, 0.07563],
[3.04013, 4.16336, 2.30347, 0.0784],
[2.87024, 4.22393, 2.16753, 0.08321],
[2.69486, 4.27162, 1.97485, 0.09203],
[2.51319, 4.30602, 1.77594, 0.10411],
[2.32453, 4.32672, 1.56871, 0.12099],
[2.12696, 4.3308, 1.56871, 0.12597],
[1.91811, 4.31381, 1.56871, 0.13358],
[1.69472, 4.26741, 1.56871, 0.14544],
[1.45416, 4.17401, 1.56871, 0.1645],
[1.21119, 4.00653, 1.56871, 0.18812],
[1.01923, 3.74402, 1.61197, 0.20175],
[0.92221, 3.42051, 2.15478, 0.15675],
[0.88927, 3.10444, 2.50133, 0.12704],
[0.89601, 2.82076, 2.47437, 0.11468],
[0.92405, 2.56281, 2.27496, 0.11405],
[0.96605, 2.3246, 2.11534, 0.11435],
[1.01803, 2.11229, 1.86323, 0.11732],
[1.08079, 1.91513, 1.67506, 0.12352],
[1.15514, 1.73108, 1.67506, 0.1185],
[1.24162, 1.56015, 1.67506, 0.11436],
[1.34113, 1.40324, 1.67506, 0.11092],
[1.45473, 1.26109, 1.67506, 0.10863],
[1.58653, 1.13641, 1.67506, 0.10831],
[1.74473, 1.03229, 2.03258, 0.09318],
[1.92656, 0.94305, 2.29484, 0.08826],
[2.13282, 0.86779, 2.57199, 0.08537],
[2.36411, 0.8068, 2.96619, 0.08064],
[2.61751, 0.75992, 3.4335, 0.07505]]